base_point = [1, 1]
test_points = [
    [1.100, 1.100],
    [1.150, 1.150],
    [1.200, 1.200],
    [1.300, 1.300],
    [1.400, 1.400],
    [1.500, 1.500],
    [2.000, 2.000],
    [2.500, 2.500],
    [3.000, 3.000],
    [3.500, 3.500],
    [4.000, 4.000],
    [4.500, 4.500],
    [5.000, 5.000],
    [6.000, 6.000],
    [7.000, 7.000],
    [8.000, 8.000],
    [9.000, 9.000],
]

simulator:                  brisbane:                        osaka:                            kyoto:
[0.9999,                    [0.9016336680228324,             [0.9193373973324986,              [0.8845602746752734,
0.9997,                     0.9067854667001041,              0.9409505775624771,               0.8369600824880562,
0.99965,                    0.926824105359815,               0.8589754522942761,               0.830946037421023,
0.9988,                     0.8959020986397839,              0.4041497727052557,               0.9125179300601498,
0.99765,                    1.010556752201277,               0.7335423086419408,               0.8848493627483223,
0.99615,                    0.9124161630825299,              0.5755580552250829,               0.8930835591658921,
0.98825,                    0.9077818285029775,              0.4854694998499177,               0.9084130073383935,
0.9744,                     0.83498185497065,                0.8400769722078959,               0.8679512261244722,
0.94965,                    0.8986816904305646,              0.8985248658170599,               0.9065583729018023,
0.92705,                    0.8471010314410496,              0.7584375672655299,               0.790856624538801,
0.89585,                    0.8339113609484773,              0.8208240974715425,               0.8717892833186763,
0.8624,                     0.8108944540025169,              0.7895643658475482,               0.8451365900834605,
0.82415,                    0.7972228055462137,              0.6282491250151672,               0.8003767245912063,
0.74875,                    0.7229988259349366,              0.7344929250240233,               0.796412768287559,
0.6734,                     0.710448972771914,               0.6801860162239154,               0.6455856704905243,
0.6027,                     0.6213598267772089,              0.6078703150054516,               0.6699325359217081,
0.54945]                    0.578725561963206]               0.5628255912681861]               0.5593485558902189]