---------------initialization: ----------------------
centroids:  [[40.56, 25.32], [35.49, 14.32], [41.17, 13.05]]
clusters:  [[[38.24, 20.42], [39.57, 26.15], [40.56, 25.32], [36.26, 23.12], [37.52, 20.44], [39.36, 19.56]], [[33.48, 10.54], [37.56, 12.19], [36.08, -5.21], [38.47, 15.13], [38.15, 15.35], [37.51, 15.17], [35.49, 14.32]], [[38.42, 13.11], [41.23, 9.1], [41.17, 13.05]]]
------------------- 0 -th Q-means: ------------------------
output:  [0.8074268394750405, 0.784492881845188, 0.7200908753870974, 0.8312725225800681, 0.7794025744215812, 0.7977899642450133, 0.9669315581042589, 0.7824208611653529, 0.8596745542229106, 0.9219280198457281, 0.8429291466357582, 0.8347557903326233, 0.8784790652269717, 0.8927144455725777, 0.8969468500531447, 0.9472751590828674, 0.7818746110968998, 0.9095774982248347, 0.7982032479488208, 0.837174634608062, 0.9004722799881208, 0.882098168788749, 0.9703650631792667, 0.8816479588691342, 0.6994801138716756, 0.8522079985560522, 0.8177464947748232, 0.8647775624904455, 0.8793367141544173, 0.9273763979935153, 0.9213196332378324, 0.9484800562568483, 0.9063525065666064, 0.8851209515579536, 0.9226982489247176, 0.94666986586
11922, 0.6613047728517193, 0.8340873601540211, 0.9288669454640236, 0.8825253072365106, 0.9116913587422361, 0.9173393032919376, 0.8374243158412821, 0.8504624575662241, 0.8022490376652961, 0.878843790075413, 0.9428257616198318, 0.942361049716804]
new_cluster_id_list:  [0, 0, 0, 0, 2, 0, 2, 1, 1, 2, 1, 2, 2, 2, 1, 1]
centroids:  [[38.585, 22.501666666666665], [36.67714285714285, 11.070000000000002], [40.27333333333333, 11.753333333333336]]
clusters:  [[[38.24, 20.42], [39.57, 26.15], [40.56, 25.32], [36.26, 23.12], [39.36, 19.56]], [[37.56, 12.19], [36.08, -5.21], [38.15, 15.35], [41.23, 9.1], [41.17, 13.05]], [[37.52, 20.44], [33.48, 10.54], [38.47, 15.13], [37.51, 15.17], [35.49, 14.32], [38.42, 13.11]]]
------------------- 1 -th Q-means: ------------------------
output:  [0.8152663847347308, 0.8443907461722355, 0.8548737690460438, 0.8369832992001311, 0.7972278524009612, 0.8518882877788511, 0.8656376783357624, 0.8336382297522892, 0.84053934
74321874, 0.8770240954953008, 0.8272395807185904, 0.8665796020628599, 0.8886789461519873, 0.8521353911192806, 0.9331066820705641, 0.8919523878457798, 0.9530884990381431, 0.85249368
17372071, 0.709791914912696, 0.8890464232103801, 0.7675212701034886, 0.7541339013597086, 0.9342009190139068, 0.8763331181321061, 0.8384055734876995, 0.8959656405733366, 0.907515757
2507261, 0.896861837267872, 0.8684374329733624, 0.8928396136779819, 0.8875322276138363, 0.8826055880858663, 0.7695637727649974, 0.7744923649747203, 0.6005382978056095, 0.9053588625
908441, 0.8366060727173912, 0.9138380999928198, 0.8673984999635806, 0.9060818327811319, 0.9270654299807469, 0.900420872980721, 0.8922342652478589, 0.8917318128111895, 0.8822804692731009, 0.8590775483091464, 0.865600119827287, 0.8772448718515201]
new_cluster_id_list:  [2, 2, 0, 0, 2, 1, 1, 1, 2, 0, 0, 2, 1, 1, 0, 2]
centroids:  [[38.798, 22.914], [38.838, 8.896], [36.815, 14.784999999999998]]
clusters:  [[[40.56, 25.32], [36.26, 23.12], [41.17, 13.05], [37.52, 20.44], [35.49, 14.32]], [[37.56, 12.19], [36.08, -5.21], [38.15, 15.35], [38.47, 15.13], [37.51, 15.17]], [[38.24, 20.42], [39.57, 26.15], [39.36, 19.56], [41.23, 9.1], [33.48, 10.54], [38.42, 13.11]]]
------------------- 2 -th Q-means: ------------------------
output:  [0.755162067317673, 0.742664399541027, 0.6047568207173298, 0.9477780624534432, 0.8326789034540488, 0.9078486508385895, 0.8153029847249957, 0.9009090436246554, 0.9347626149
184948, 0.9002714069162133, 0.9105361664379457, 0.8851376695233559, 0.8554044147494758, 0.8637537959379344, 0.8879233752723023, 0.8619611966270455, 0.9451874217274607, 0.8783615683
911069, 0.7636338873690101, 0.8245874963962593, 0.801671257466004, 0.9209610172963423, 0.9150994491765501, 0.9229237697492375, 0.8427618603188961, 0.9065010151957253, 0.91610891474
25884, 0.8601157940615902, 0.8747330814816819, 0.9139976328856529, 0.9515887902334129, 0.8886220518137776, 0.8000961971480207, 0.8112089868420062, 0.8427104793067167, 0.89149351180
22843, 0.9282845210061823, 0.9065175968721573, 0.8270015722489376, 0.7154707424247696, 0.9261501387410044, 0.8303366945472008, 0.5432216539980222, 0.8131203195544848, 0.8539667066706568, 0.8595039979604069, 0.9447178575891474, 0.85611117775604]
new_cluster_id_list:  [0, 0, 2, 1, 2, 1, 1, 2, 2, 2, 0, 2, 0, 1, 2, 1]
centroids:  [[38.2, 19.25], [37.553999999999995, 10.526], [38.38333333333333, 16.479999999999997]]
clusters:  [[[40.56, 25.32], [36.26, 23.12], [38.24, 20.42], [39.36, 19.56]], [[37.52, 20.44], [37.56, 12.19], [36.08, -5.21], [41.23, 9.1], [38.42, 13.11]], [[41.17, 13.05], [35.49, 14.32], [38.15, 15.35], [38.47, 15.13], [37.51, 15.17], [39.57, 26.15], [33.48, 10.54]]]
------------------- 3 -th Q-means: ------------------------
output:  [0.9519084461454794, 0.8334353687265056, 0.7911919763187182, 0.9130747744753976, 0.8431487627167148, 0.8842360642424673, 0.9026716872251312, 0.8761835040882062, 0.91441132
61514561, 0.9269386154565143, 0.9067115804256622, 0.8814102191034271, 0.9467628896000216, 0.7786099816038246, 0.9030548619383413, 0.8657236121699229, 0.9592804332913855, 0.85950210
39986617, 0.7328337289095367, 0.8221571669412404, 0.7571444004256286, 0.8517755297945748, 0.9283050745685599, 0.899640362174293, 0.8911881651600669, 0.9380345751921135, 0.988317808
6642997, 0.7742557103528767, 0.8668182225857275, 0.8953999787781931, 0.8398012803522079, 0.9493766032418347, 0.9308769081099761, 0.8852214469446155, 0.913168184085524, 0.9175911376
782552, 0.8243390845003147, 0.8113098184870791, 0.9467083199595182, 0.9177433410717286, 0.8700581817435875, 0.931825522398323, 0.9280481639663547, 0.7872655569023164, 0.2775904264103553, 0.823711353161013, 0.9282979855448188, 0.3163104125272895]
new_cluster_id_list:  [0, 0, 2, 0, 0, 1, 1, 1, 2, 2, 1, 2, 2, 2, 0, 1]
centroids:  [[38.605000000000004, 22.105], [38.162, 9.926], [37.69142857142857, 15.67285714285714]]
clusters:  [[[40.56, 25.32], [36.26, 23.12], [39.36, 19.56], [37.52, 20.44], [39.57, 26.15]], [[37.56, 12.19], [36.08, -5.21], [41.23, 9.1], [35.49, 14.32], [33.48, 10.54]], [[38.24, 20.42], [38.42, 13.11], [41.17, 13.05], [38.15, 15.35], [38.47, 15.13], [37.51, 15.17]]]
------------------- 4 -th Q-means: ------------------------
output:  [0.8834690333524708, 0.7687514615082502, 0.8740212096149439, 0.9355802263145311, 0.8482844260429512, 0.8988741820420207, 0.8899025925555717, 0.8679796978027092, 0.82788772
59796649, 0.9099290051830793, 0.8573873216660803, 0.9312292260816318, 0.8832569901634051, 0.7633816943806095, 0.8565355511594991, 0.8980354290987524, 0.8163595661378454, 0.78901399
06481686, 0.5246167238832923, 0.8864584108096942, 0.7452554884799717, 0.8441465744266431, 0.8574702335913055, 0.9149353842373408, 0.8093944380213769, 0.889052298288003, 0.970132701
6479374, 0.7994883598486413, 0.8658713075911924, 0.8765429218342659, 0.871718632279604, 0.8849852297696894, 0.9474223226573566, 0.8997513439909786, 0.8804691307378916, 0.8951899010
450115, 0.8542980929376044, 0.9126548844447806, 0.894670862392511, 0.8553046961409565, 0.9221224322743771, 0.9274062144893949, 0.8544136324048449, 0.8440850674886048, 0.9192052190648949, 0.900345602345768, 0.8645570280600441, 0.8400847512630211]
new_cluster_id_list:  [0, 0, 0, 2, 0, 0, 1, 2, 2, 2, 2, 0, 1, 2, 2, 0]
centroids:  [[38.653999999999996, 22.918], [36.768, 8.187999999999999], [38.66, 15.371666666666668]]
clusters:  [[[40.56, 25.32], [36.26, 23.12], [39.36, 19.56], [39.57, 26.15], [37.56, 12.19], [38.42, 13.11], [37.51, 15.17]], [[36.08, -5.21], [41.17, 13.05]], [[37.52, 20.44], [41.23, 9.1], [35.49, 14.32], [33.48, 10.54], [38.24, 20.42], [38.15, 15.35], [38.47, 15.13]]]
------------------- 5 -th Q-means: ------------------------
output:  [0.8108609958673939, 0.732856334661142, 0.8024345431485507, 0.9497728279179352, 0.7760579104368006, 0.8947229624808348, 0.8883513522862312, 0.8444338102932714, 0.895030329
6676376, 0.9040839909418563, 0.7595296602501874, 0.8780810309929531, 0.8346302696281518, 0.8614540591990174, 0.8421240678297857, 0.9205827820112127, 0.8247750309895684, 0.899738365
505248, 0.929044699014366, 0.8880209948085359, 0.8802847811223217, 0.7576179324016764, 0.82052452228945, 0.5425365102438208, 0.9042717326291276, 0.7707606702043753, 0.8645359174577
636, 0.900040274176728, 0.8737293471657148, 0.9097794818696593, 0.8736132494197582, 0.8145994109844937, 0.7871510733956556, 0.9124168551624314, 0.8556076548759646, 0.89689198876100
61, 0.8488789429378367, 0.9462946463418447, 0.8983575081805213, 0.9316792376707645, 0.870025452210318, 0.8709658091374823, 0.9553857819383542, 0.8993130368735551, 0.9292572298829131, 0.9527038655017585, 0.8749634708134446, 0.9250998319591106]
new_cluster_id_list:  [0, 0, 2, 0, 1, 0, 0, 1, 0, 2, 0, 0, 1, 0, 0, 0]
centroids:  [[38.462857142857146, 19.231428571428573], [38.625, 3.9200000000000004], [37.511428571428574, 15.042857142857141]]
clusters:  [[[40.56, 25.32], [36.26, 23.12], [39.57, 26.15], [38.42, 13.11], [37.51, 15.17], [41.17, 13.05], [41.23, 9.1], [35.49, 14.32], [38.24, 20.42], [38.15, 15.35], [38.47, 15.13]], [[37.56, 12.19], [36.08, -5.21], [33.48, 10.54]], [[39.36, 19.56], [37.52, 20.44]]]
------------------- 6 -th Q-means: ------------------------