---------------initialization: ----------------------
centroids:  [[38.42, 13.11], [36.26, 23.12], [38.15, 15.35]]
clusters:  [[[33.48, 10.54], [37.56, 12.19], [38.42, 13.11], [41.23, 9.1], [41.17, 13.05], [36.08, -5.21]], [[38.24, 20.42], [39.57, 26.15], [40.56, 25.32], [36.26, 23.12], [37.52, 20.44]], [[38.47, 15.13], [38.15, 15.35], [37.51, 15.17], [35.49, 14.32], [39.36, 19.56]]]
------------------- 0 -th Q-means: ------------------------
output:  [0.9288455188247431, 0.6885887519872607, 0.9323696233408172, 0.9512948216964867, 0.7839814898239663, 0.8241880647244751, 0.6961765692270779, 0.9033077292605153, 0.9463149639211241, 0.9135189643651701, 0.8345761715331681, 0.8809288099853344, 0.7243348106358312, 0.7987424645203155, 0.9299243435474849, 0.8814406238413119, 0.6701926361145562, 0.8007218648652618, 0.8435154005431963, 0.8758121061184213, 0.7503919609095712, 0.7270109217044514, 0.8967115817164257, 0.8506090085483626, 0.8362139694229247, 0.9239121176538208, 0.81150914
78662508, 0.8604592630499991, 0.8242568536689472, 0.8473960451432052, 0.8731847914862623, 0.9502550134611154, 0.9063084144015315, 0.8942967362434935, 0.8498481963847387, 0.88723586
19908877, 0.8477945600380322, 0.8280499767440912, 0.9131150363442219, 0.9425384734625804, 0.6833733029391912, 0.9706946465648906, 0.8212706184375944, 0.9129784191101091, 0.6784177891448088, 0.8832911707316174, 0.9027876819860071, 0.8817514006133688]
new_cluster_id_list:  [2, 0, 2, 0, 2, 0, 1, 1, 1, 0, 1, 0, 2, 2, 1, 1]
centroids:  [[37.99, 8.796666666666665], [38.43, 23.09], [37.79600000000001, 15.906]]
clusters:  [[[37.56, 12.19], [41.23, 9.1], [36.08, -5.21], [36.26, 23.12], [38.47, 15.13]], [[38.24, 20.42], [39.57, 26.15], [40.56, 25.32], [37.52, 20.44], [35.49, 14.32], [39.36, 19.56]], [[33.48, 10.54], [38.42, 13.11], [41.17, 13.05], [38.15, 15.35], [37.51, 15.17]]]
------------------- 1 -th Q-means: ------------------------
output:  [0.8217064164504203, 0.7797185706377894, 0.8571131306479478, 0.8676596544037093, 0.8113232860250841, 0.820837165216009, 0.8112499228684601, 0.7299188698988447, 0.842716712
0001251, 0.8601110985835883, 0.9257161920178205, 0.9144097666571623, 0.8088623782804657, 0.8476967005345382, 0.9303498493640713, 0.9305628506217988, 0.9090131760045661, 0.863308425
0351638, 0.7259967884004057, 0.9129193100092645, 0.6843375945135112, 0.7518958319711405, 0.8934338959930795, 0.7935519627322988, 0.6842267768699273, 0.6813926274820701, 0.858502527
6474789, 0.9650241598935957, 0.8830541457154738, 0.9640268212894499, 0.8994051116446511, 0.9589312631802289, 0.8092917118343483, 0.8729744528995371, 0.8212445670448195, 0.870656661
8647985, 0.8097126100949278, 0.8724193334572311, 0.9154533347458513, 0.8972814563177057, 0.8413548122910662, 0.8703639016682106, 0.8889624396422834, 0.9427051101582672, 0.8393075599902137, 0.923525364502759, 0.9374875997836399, 0.7996021631883821]
new_cluster_id_list:  [2, 0, 2, 1, 2, 0, 1, 1, 2, 0, 1, 0, 2, 0, 1, 1]
centroids:  [[37.92, 10.866000000000001], [38.45666666666667, 21.035], [37.745999999999995, 13.443999999999999]]
clusters:  [[[41.23, 9.1], [38.24, 20.42], [35.49, 14.32], [33.48, 10.54], [41.17, 13.05]], [[36.26, 23.12], [39.57, 26.15], [40.56, 25.32], [39.36, 19.56], [38.15, 15.35], [37.51, 15.17]], [[37.56, 12.19], [36.08, -5.21], [38.47, 15.13], [37.52, 20.44], [38.42, 13.11]]]
------------------- 2 -th Q-means: ------------------------
output:  [0.8784184902413733, 0.8175893768958488, 0.685875849446077, 0.7472097350410011, 0.8921919053960031, 0.8278978800889755, 0.7421925341737936, 0.8860827662029225, 0.880107174
2559854, 0.7047871836524569, 0.8885415806522255, 0.9093493507887669, 0.960868842675524, 0.8410566399330085, 0.9276386843120749, 0.928324300282429, 0.7991565389494938, 0.78894064278
27423, 0.8440824216499199, 0.8528581366726736, 0.79946735599997, 0.7550510889991301, 0.8966167881003444, 0.8112473718442751, 0.8939475274366997, 0.9376856221540646, 0.9404563391590
044, 0.8879318547756336, 0.8757057816409106, 0.9272877266687871, 0.8647836082755423, 0.9284295952765551, 0.7737184235571845, 0.8751902376705463, 0.8357645493471684, 0.8379920945436
229, 0.6573911835897482, 0.6771333694057234, 0.8612537738618439, 0.8651169646188526, 0.5519497114444804, 0.9525995150662568, 0.7126532381038432, 0.8289482946241005, 0.9293790368931738, 0.9483017218890636, 0.8519001795404774, 0.9256226239995922]
new_cluster_id_list:  [0, 1, 1, 2, 0, 0, 1, 1, 2, 2, 1, 0, 2, 2, 2, 0]
centroids:  [[37.922000000000004, 13.486], [38.568333333333335, 20.778333333333332], [37.61, 11.132]]
clusters:  [[[41.23, 9.1], [41.17, 13.05], [36.26, 23.12], [37.56, 12.19], [38.42, 13.11]], [[38.24, 20.42], [35.49, 14.32], [39.57, 26.15], [40.56, 25.32], [37.51, 15.17]], [[33.48, 10.54], [39.36, 19.56], [38.15, 15.35], [36.08, -5.21], [38.47, 15.13], [37.52, 20.44]]]
------------------- 3 -th Q-means: ------------------------
output:  [0.8142906456605361, 0.8216710949850934, 0.8053884030086399, 0.8773984229596974, 0.7897071145323281, 0.9198132539574176, 0.871761963998101, 0.8228507388330072, 0.844403177
2020129, 0.9177531521694228, 0.8870188521404081, 0.9366865136566211, 0.9613350151173888, 0.861677148120014, 0.9402026057508244, 0.9534028735107191, 0.8719690625223185, 0.8027651530
418689, 0.8367101846386457, 0.8858882988651625, 0.886263513192935, 0.8376617476870631, 0.9119669682148158, 0.8166645938491123, 0.8799509135301047, 0.8729376794265286, 0.87779897521
43824, 0.9273225644668492, 0.909058764517134, 0.8419957671102515, 0.9361322237699419, 0.8840896261386387, 0.8326588327051019, 0.8383545807216177, 0.8815915106554624, 0.851115112132
5587, 0.8217077681939535, 0.8894017693659644, 0.9003371203221745, 0.8227172546123462, 0.6759248782702173, 0.8353589695990938, 0.9598200898485143, 0.7999923666420932, 0.8277799165252185, 0.848922262962475, 0.9434819047279618, 0.9434048864491369]
new_cluster_id_list:  [1, 2, 0, 2, 0, 0, 2, 1, 0, 0, 0, 1, 2, 2, 0, 1]
centroids:  [[38.928, 14.113999999999999], [38.274, 20.276000000000003], [37.17666666666667, 12.635]]
clusters:  [[[36.26, 23.12], [38.42, 13.11], [38.24, 20.42], [40.56, 25.32], [37.51, 15.17], [33.48, 10.54], [38.47, 15.13]], [[41.23, 9.1], [39.57, 26.15], [39.36, 19.56], [37.52, 20.44]], [[41.17, 13.05], [37.56, 12.19], [35.49, 14.32], [38.15, 15.35], [36.08, -5.21]]]
------------------- 4 -th Q-means: ------------------------
output:  [0.8329567250593083, 0.8485077653932687, 0.8426986300609786, 0.8685114964887688, 0.8591585031355107, 0.823018820126758, 0.8953753133106109, 0.9095523244093444, 0.859062807
2843958, 0.8832026146031914, 0.9115049501531268, 0.8694240579274704, 0.8570146336922382, 0.9302231618365441, 0.9538103679248257, 0.7887423970029729, 0.8572097119892698, 0.824555788
8542909, 0.8275117335650245, 0.8971009942266649, 0.8950426181611939, 0.8846470089892349, 0.8921244914326415, 0.8878059048337751, 0.9118853874107714, 0.8833979309916746, 0.846228121
1790238, 0.9228029448266512, 0.9162619686293162, 0.7644328535892554, 0.9437663257410182, 0.9627727625338725, 0.8726433451653348, 0.8719076303534953, 0.7495296174557534, 0.894791935
781528, 0.74042860516844, 0.8980204275823221, 0.8717339800714807, 0.8411846372566241, 0.707502134207657, 0.9655611908885176, 0.8996484589466085, 0.7935652858506251, 0.694909575005305, 0.782948906200896, 0.7315678037558935, 0.8876043554827319]
new_cluster_id_list:  [1, 0, 1, 1, 2, 1, 1, 1, 0, 0, 1, 2, 1, 2, 0, 2]
centroids:  [[37.56285714285714, 17.544285714285714], [39.42, 18.8125], [37.69, 9.940000000000001]]
clusters:  [[[38.42, 13.11], [39.57, 26.15], [39.36, 19.56], [38.15, 15.35]], [[36.26, 23.12], [38.24, 20.42], [40.56, 25.32], [33.48, 10.54], [38.47, 15.13], [41.23, 9.1], [37.52, 20.44], [37.56, 12.19]], [[37.51, 15.17], [41.17, 13.05], [35.49, 14.32], [36.08, -5.21]]]
------------------- 5 -th Q-means: ------------------------