rd100:
7910.396210215009

9588.650348584059   1.2121580378239276
9573.864500874766   1.210288871309841
9383.425231198444   1.1862143161781522
9086.999894981693   1.1487414351315663
9235.7549794452     1.1675464457164235


kroD100:
21294.29082149035

24025.861042340824  1.1282771163289342
25621.360508875212  1.2032032775197168
25749.248060043043  1.209208997655687
25272.254348948063  1.186808922673448
25014.812392022417  1.1747192053363567

kroC100:
20750.762503687547

24748.50620285616   1.192655267412857
23141.945910173818  1.1152335200242083
22167.318471643055  1.0682652489374198
22650.839424512753  1.0915666072746748
23546.570595173547  1.1347327883006306

kroA100:
21285.44318157108

24615.136450381695  1.1564305351975692
24701.711864664318  1.16049788834329
23522.375974307626  1.1050921408426806
24447.236615015987  1.1485425230038144
23429.455607233147  1.1007266988698807
